13.88, 12.27,
10.76,
14.53,
16.79,
18.49,
15.65,
13.15,
11.11,
11.18,
17.87,
18.25,
15.08,
14.42,
12.91,
14.96,
12.50,
17.17,
17.96,
18.80,
15.05,
10.27,
10.09,
15.54,
13.96,
13.48,
13.91,
14.80,
16.12,
16.30,
15.39,
11.62,
12.00,
12.13,
23.65,
24.07,
21.73,
27.79,
22.68,
20.84,
22.34,
26.78,
25.46,
28.35,
29.99,
28.29,
21.16,
27.59,
28.85,
21.43,
22.84,
20.34,
21.05,
28.82,
23.67,
28.14,
20.53,
21.15,
21.47,
26.81,
21.02,
27.98,
22.64,
25.21,
25.33,
27.94,
24.02,
21.17,
22.89,
38.12,
34.97,
32.11,
34.63,
33.25,
36.63,
30.03,
33.46,
38.07,
34.30,
39.08,
39.83,
30.36,
31.09,
39.28,
38.94,
38.54,
38.23,
39.35,
31.22,
31.92,
36.86,
36.52,
5.30,
4.74,
9.85,
2.87,
8.22,
6.55,
7.47,
2.04,
