14892000, 95635400,
52103600
22825000,
35572800,
38349400,
15501700,
46350800,
47599200,
95279200,
75733400,
99895500,
45913400,
43160900,
30761100,
07749000,
07716300,
36310700,
67878400,
27984500,
61460300,
77434300,
45645000,
53528800,
27035100,
21090100,
70470400,
92480100,
91871400,
43773800,
75442400,
90410600,
28752100,
11007800,
97573100,
03342800,
28912200,
44639200,
22588200,
51763000,
87658200,
44100900,
13796700,
48611200,
77051400,
07348400,
94043900,
40898700,
23317900,
87604600,
25471000,
19679300,
88345800,
00086200,
55536300,
08483100,
34401900,
25315300,
55916200,
09948200,
80653900,
98923000,
26843300,
37656500,
76315800,
80915600,
72204500,
06638000,
97866500,
88246400,
78216900,
93088900,
32713500,
24764800,
21441500,
86334300,
58099300,
69132000,
48133300,
30283000,
34852200,
88503500,
00600800,
00359900,
59081000,
11268700,
81139000,
81455200,
15776500,
47644100,
52580000,
37887000,
14361900,
80873600,
88758900,
29074300,
68387700,
40671000,
77851000,
75275200,